
特征向量 (x):
 [[-0.49054217 -0.29344022 -0.51089699  0.18963273  0.61342066]
 [-0.52535146  0.04898756 -0.4336599  -0.12174796 -0.72022398]
 [ 0.48705734 -0.28119552 -0.37135078  0.68875986 -0.2672315 ]
 [-0.06705441  0.89811703 -0.14765822  0.38631158  0.13360356]
 [ 0.49158221  0.16064847 -0.62547502 -0.57060501  0.125419  ]]

特征值 (y):
 [3.33022395 1.24137137 0.37206687 0.23992282 0.12891499]

解释方差比例 (z):
 [62.6865684  23.36699053  7.00361169  4.51619427  2.42663511]

修正后的特征向量 (x):
 [[ 0.49054217 -0.29344022  0.51089699  0.18963273 -0.61342066]
 [ 0.52535146  0.04898756  0.4336599  -0.12174796  0.72022398]
 [-0.48705734 -0.28119552  0.37135078  0.68875986  0.2672315 ]
 [ 0.06705441  0.89811703  0.14765822  0.38631158 -0.13360356]
 [-0.49158221  0.16064847  0.62547502 -0.57060501 -0.125419  ]]

主成分得分 (df):
 [[ 0.72035406 -1.68544501 -0.04274836]
 [-1.08824153  0.39377118  0.63863578]
 [-0.95099003 -1.2199014   1.11884226]
 [ 1.58459804 -0.6650259   0.48051123]
 [-0.21547989 -0.45224038 -0.48032612]
 [-1.3564711  -0.62044502 -0.08692278]
 [ 0.62161124 -0.69116905  0.0653727 ]
 [ 1.7735129   0.05318535  0.31918333]
 [ 3.13669758  0.51992014 -0.71528128]
 [ 3.01149874  2.63135036  0.27182315]
 [ 1.16900161  0.58980127  0.2317504 ]
 [-0.28421138 -0.2479288  -0.35856965]
 [-1.33961938  0.51906848 -0.63980068]
 [-1.75413336  0.09305347 -1.50023849]
 [-3.3633958   1.4563217   0.449003  ]
 [-2.38508578  1.01112861  0.29151388]
 [ 0.72035406 -1.68544501 -0.04274836]]

综合得分 (tf):
 [ 0.05473353 -0.54544122 -0.80283789  0.87158674 -0.27439209 -1.00139224
  0.2327398   1.14653656  2.03768224  2.52171005  0.8868567  -0.26120869
 -0.76327989 -1.18293309 -1.73665243 -1.2384416   0.05473353]

排序后的综合得分 (stf):
 [[ 2.52171005]
 [ 2.03768224]
 [ 1.14653656]
 [ 0.8868567 ]
 [ 0.87158674]
 [ 0.2327398 ]
 [ 0.05473353]
 [ 0.05473353]
 [-0.26120869]
 [-0.27439209]
 [-0.54544122]
 [-0.76327989]
 [-0.80283789]
 [-1.00139224]
 [-1.18293309]
 [-1.2384416 ]
 [-1.73665243]]

排序索引 (ind):
 [ 9  8  7 10  3  6 16  0 11  4  1 12  2  5 13 15 14]

排名和综合评价结果：
  年份      综合评价  排名
1993  2.521710   1
1992  2.037682   2
1991  1.146537   3
1994  0.886857   4
1987  0.871587   5
1990  0.232740   6
2000  0.054734   7
1984  0.054734   8
1995 -0.261209   9
1988 -0.274392  10
1985 -0.545441  11
1996 -0.763280  12
1986 -0.802838  13
1989 -1.001392  14
1997 -1.182933  15
1999 -1.238442  16
1998 -1.736652  17
